ctrl_nodes_length=3
ctrl_load_nodes=0.25,0.5,0.75
ctrl_drift_coeffs=0.787879,0.575758,-0.060606
coarse_equilibrium=4186407